	LIKE	HEAR	SEE	KNOW	MEET	LOOK_AT	FEAR	WASH	TOUCH	THINK	SMELL	SIT_DOWN	SIT	SHOUT_AT	SHAVE	SEARCH_FOR	PEEL	LIVE	LEAVE	KILL	HUG	HIT	HELP	GRIND	GO	FRIGHTEN	FOLLOW	FILL	EAT	DRESS	DIG	CUT	COVER	COOK	CLIMB	BUILD	BREAK	BEAT
L31	0	1	0	1	1	1	0	0	NA	0	NA	0	0	0	NA	0	0	NA	0	0	0	0	0	0	0	0	0	0	0	0	0	0	0	0	0	0	0	0
L3	1	1	1	1	0	0	0	0	NA	0	NA	NA	NA	0	0	0	NA	0	0	0	0	NA	0	0	0	0	0	0	0	NA	0	0	NA	0	NA	NA	0	NA
L20	1	1	0	0	0	0	1	0	0	0	0	0	0	NA	0	0	0	0	0	0	0	0	0	0	0	NA	0	0	0	0	0	0	NA	NA	0	0	0	0
L24	0	1	1	0	0	0	0	0	0	NA	NA	0	0	0	0	0	0	0	0	0	0	0	0	0	0	0	0	0	0	NA	0	0	NA	NA	0	0	0	0
L18	0	0	1	0	0	0	0	0	0	0	NA	0	0	NA	0	0	0	NA	0	0	0	0	0	0	0	0	NA	NA	0	NA	0	0	NA	0	0	0	0	0
L15	1	0	0	0	0	0	0	0	0	0	0	0	0	0	NA	0	0	0	0	0	0	0	0	0	0	0	0	0	0	0	0	0	0	0	0	0	0	0
L14	1	0	0	0	0	0	0	0	0	0	0	0	0	0	0	0	NA	0	0	0	0	0	0	0	0	0	0	NA	0	NA	0	0	NA	0	0	NA	0	0
L12	1	0	0	0	0	0	0	0	0	0	0	0	NA	0	0	0	0	0	0	0	0	0	0	0	0	0	0	0	0	NA	0	0	NA	0	0	0	0	0
L11	1	0	0	0	0	0	0	0	0	0	0	NA	0	0	0	0	0	0	0	0	0	0	NA	0	0	0	0	NA	0	0	0	0	0	0	0	0	0	0
L36	0	0	0	0	0	0	0	0	0	0	0	0	0	0	0	0	0	0	0	0	0	0	0	0	0	0	0	0	0	NA	0	0	0	0	0	0	0	NA
L35	0	0	0	0	0	0	0	0	0	0	0	0	0	0	0	0	0	0	0	0	0	0	0	0	0	0	0	0	0	0	0	0	0	0	0	0	0	0
L34	0	0	0	0	0	0	0	0	0	0	0	NA	0	0	0	0	0	0	0	0	0	0	0	0	0	0	0	NA	0	0	0	0	0	0	0	0	0	0
L33	0	0	0	0	0	0	0	0	0	0	0	0	0	0	NA	0	0	0	0	0	0	0	0	0	0	0	0	0	0	0	0	0	0	0	0	0	0	0
L32	0	0	0	0	NA	0	NA	0	0	0	0	0	0	NA	NA	0	0	0	0	0	0	0	0	0	0	0	0	0	0	0	0	0	0	0	0	0	0	0
L30	0	0	0	0	NA	0	0	0	0	0	0	NA	0	0	0	0	0	NA	0	0	0	0	0	NA	NA	0	0	0	0	0	0	0	0	0	0	0	0	0
L29	0	0	0	0	0	0	0	0	NA	0	0	0	0	0	0	0	NA	0	0	0	0	0	0	0	0	0	0	0	0	NA	0	0	0	0	0	NA	0	0
L28	0	0	0	0	0	0	0	0	0	0	0	NA	NA	0	0	0	0	0	0	0	0	0	0	0	0	0	0	0	0	0	0	0	0	0	0	0	0	0
L27	0	0	0	0	0	0	NA	0	NA	NA	0	0	0	NA	NA	0	NA	0	0	0	NA	0	0	0	0	0	0	0	0	0	0	0	0	0	0	0	0	0
L26	0	0	0	NA	0	0	NA	0	0	0	0	0	NA	0	0	0	0	NA	0	0	0	0	0	0	NA	0	0	0	0	NA	0	0	0	0	0	0	0	0
L25	0	0	0	0	0	0	0	0	0	0	0	0	0	0	0	0	0	0	0	0	0	0	0	0	0	0	0	0	0	0	NA	0	0	0	0	0	0	0
L23	0	0	0	0	NA	0	0	0	0	0	0	0	0	0	NA	0	0	0	0	0	0	0	0	0	0	0	0	0	0	0	NA	0	0	0	0	0	0	0
L22	0	0	0	0	0	0	0	0	0	0	0	0	0	NA	0	0	0	0	0	0	0	0	0	0	0	0	0	0	0	NA	0	0	0	0	0	0	0	0
L21	0	0	0	0	NA	0	0	0	0	0	0	0	0	0	0	0	0	0	0	0	0	0	0	0	0	0	0	0	0	NA	0	0	0	0	0	0	0	0
L19	0	0	0	0	NA	0	0	0	0	0	0	0	0	0	0	0	0	0	0	0	0	0	0	0	0	0	0	0	0	0	0	0	0	0	0	NA	0	0
L17	0	0	0	0	0	0	0	0	0	0	0	NA	NA	0	NA	0	0	0	0	0	0	0	0	0	0	0	0	NA	0	NA	0	0	0	0	0	0	0	0
L16	0	0	0	0	0	0	0	0	0	NA	0	0	0	NA	0	0	0	0	NA	0	0	0	0	0	NA	0	0	0	0	NA	0	0	0	0	0	0	0	0
L13	0	0	0	0	0	0	0	0	0	0	0	0	0	NA	NA	NA	0	0	NA	0	0	0	0	0	NA	0	0	0	0	NA	0	0	0	0	0	0	0	0
L10	0	0	0	0	0	0	0	0	0	0	0	0	0	0	0	0	NA	0	0	0	0	0	0	0	0	0	0	0	0	0	0	0	0	0	0	NA	0	0
L9	0	NA	0	0	0	0	0	0	0	0	0	0	0	0	0	0	0	0	0	0	0	0	0	NA	NA	0	0	0	0	0	NA	0	0	NA	0	0	0	0
L8	0	0	0	0	0	0	0	0	0	0	0	NA	0	0	0	NA	0	0	0	0	0	0	0	0	0	0	0	0	0	0	NA	0	0	0	0	NA	0	0
L7	0	0	0	0	0	0	NA	0	0	0	0	NA	0	0	0	0	0	0	0	0	0	NA	0	0	0	0	0	0	0	NA	0	0	0	0	0	0	0	0
L6	0	0	0	0	0	0	0	0	NA	0	0	0	0	0	NA	0	NA	0	0	0	0	0	0	0	0	0	0	NA	0	0	0	0	0	0	0	NA	0	0
L5	0	0	0	0	0	0	0	0	0	0	0	0	0	0	0	0	0	0	NA	0	0	0	0	0	0	0	0	0	0	NA	0	0	0	0	0	0	0	0
L4	0	0	0	0	0	0	0	0	0	0	0	0	0	0	0	0	0	0	0	0	0	0	0	0	0	0	0	NA	0	NA	0	0	NA	0	0	NA	0	0
L2	0	NA	0	0	0	0	0	0	0	0	0	0	0	0	0	0	0	0	0	0	0	0	0	NA	0	0	0	0	0	0	NA	0	0	NA	0	0	0	0
L1	0	0	0	0	0	0	0	0	0	0	0	0	0	0	0	0	0	0	0	0	0	0	0	0	0	0	0	NA	0	0	0	0	NA	0	0	0	0	0
